Complete Recursive: 
Distance: 0.00000000000000000000000, Point 1: (0.00079348124637592699904, 0.81731620227668078104699), Point 2: (0.00079348124637592699904, 0.81731620227668078104699)
Time: 75.88500000000000000194289 seconds

Random Algorithm: 
Distance: 0.00000000000000000000000, Point 1: (0.76094851527451401462798, 0.72069460127567364082779), Point 2: (0.76094851527451401462798, 0.72069460127567364082779)
Time: 5.03799999999999999992367 seconds

