Complete Recursive: 
Distance: 0.00000000000000000000000, Point 1: (0.00000000000000000000000, 0.10663167210913418458951), Point 2: (0.00000000000000000000000, 0.10663167210913418458951)
Time: 79.55299999999999999850120 seconds

Random Algorithm: 
Distance: 0.00000000000000000000000, Point 1: (0.85442670979949342235926, 0.88894314401684626503197), Point 2: (0.85442670979949342235926, 0.88894314401684626503197)
Time: 4.98000000000000000001735 seconds

