Complete Recursive: 
Distance: 0.00000000000000000000000, Point 1: (0.11737418744468519626878, 0.26468703268532367545163), Point 2: (0.11737418744468519626878, 0.26468703268532367545163)
Time: 2.44399999999999999991847 seconds

Random Algorithm: 
Distance: 0.00000000000000000000000, Point 1: (0.13510544145023956064122, 0.78313547166356389794828), Point 2: (0.13510544145023956064122, 0.78313547166356389794828)
Time: 0.42200000000000000000260 seconds

