Brute Force: 
Distance: 0.02462467404465309289696, Point 1: (0.31165501876888335175408, 0.73183385723441263248645), Point 2: (0.31406598101748711693304, 0.70732749412518691745078)
Time: 0.00000000000000000000000 seconds

Intermediate Recursive: 
Distance: 0.02462467404465309289696, Point 1: (0.31165501876888335175408, 0.73183385723441263248645), Point 2: (0.31406598101748711693304, 0.70732749412518691745078)
Time: 0.00000000000000000000000 seconds

