Intermediate Recursive: 
Distance: 0.00000000000000000000000, Point 1: (0.09488204596087526643267, 0.18649861140781884283335), Point 2: (0.09488204596087526643267, 0.18649861140781884283335)
Time: 0.95999999999999999998048 seconds

Complete Recursive: 
Distance: 0.00000000000000000000000, Point 1: (0.09488204596087526643267, 0.18649861140781884283335), Point 2: (0.09488204596087526643267, 0.18649861140781884283335)
Time: 1.46600000000000000005117 seconds

